1  (Chord: 45364566)
79 79 79 79 79 79 76 76 76 76 76 76 69 69 69 69 74 74 74 74 74 00 00 00 74 74 74 00 72 72 72 00 71 71 71 71 67 67 67 67 74 74 74 74 76 76 76 76 72 72 72 72 72 72 72 00 72 72 72 72 74 74 74 00 76 76 76 76 76 00 74 74 74 74 74 74 72 72 72 72 74 74 74 74 72 72 72 72 79 79 79 79 81 81 81 81 76 76 76 76 76 76 76 76 76 76 76 76 76 00 00 00 00 00 00 00 00 00 00 00 00 00 00 00 00 00 00 00 
04 04 04 04 04 04 04 04 04 04 04 04 04 04 04 04 05 05 05 05 05 05 05 05 05 05 05 05 05 05 05 05 03 03 03 03 03 03 03 03 03 03 03 03 03 03 03 03 06 06 06 06 06 06 06 06 06 06 06 06 06 06 06 06 04 04 04 04 04 04 04 04 04 04 04 04 04 04 04 04 05 05 05 05 05 05 05 05 05 05 05 05 05 05 05 05 06 06 06 06 06 06 06 06 06 06 06 06 06 06 06 06 06 06 06 06 06 06 06 06 06 06 06 06 06 06 06 06 

2  (Chord: 45364566)
69 69 69 69 69 69 69 69 69 69 69 69 60 60 64 64 64 64 62 62 62 62 62 62 62 62 60 60 62 62 64 64 67 67 67 67 67 00 67 67 67 67 67 67 55 55 62 62 62 62 60 60 60 60 60 60 60 60 59 59 60 60 62 62 64 64 64 64 64 64 62 60 62 62 62 62 62 00 00 00 64 64 64 00 64 64 64 00 64 64 64 62 62 62 60 60 64 64 64 64 64 64 64 64 64 64 64 64 62 62 64 64 64 64 67 67 67 67 67 67 67 67 67 67 00 00 00 00 
04 04 04 04 04 04 04 04 04 04 04 04 04 04 04 04 05 05 05 05 05 05 05 05 05 05 05 05 05 05 05 05 03 03 03 03 03 03 03 03 03 03 03 03 03 03 03 03 06 06 06 06 06 06 06 06 06 06 06 06 06 06 06 06 04 04 04 04 04 04 04 04 04 04 04 04 04 04 04 04 05 05 05 05 05 05 05 05 05 05 05 05 05 05 05 05 06 06 06 06 06 06 06 06 06 06 06 06 06 06 06 06 06 06 06 06 06 06 06 06 06 06 06 06 06 06 06 06 

3  (Chord: 45364566)
72 72 72 72 72 72 69 69 69 69 69 69 67 67 69 69 64 64 64 64 64 00 62 62 62 62 00 00 62 62 64 64 71 71 71 71 71 71 67 67 67 67 67 67 62 62 64 64 62 62 62 62 62 00 60 60 60 60 00 00 57 57 60 60 62 62 62 64 64 64 62 62 60 60 60 62 62 00 62 62 62 62 62 60 60 60 62 62 62 62 62 62 67 67 67 67 64 64 64 64 64 64 64 64 64 64 64 64 64 64 64 64 64 64 64 64 64 64 64 00 00 00 00 00 00 00 00 00 
04 04 04 04 04 04 04 04 04 04 04 04 04 04 04 04 05 05 05 05 05 05 05 05 05 05 05 05 05 05 05 05 03 03 03 03 03 03 03 03 03 03 03 03 03 03 03 03 06 06 06 06 06 06 06 06 06 06 06 06 06 06 06 06 04 04 04 04 04 04 04 04 04 04 04 04 04 04 04 04 05 05 05 05 05 05 05 05 05 05 05 05 05 05 05 05 06 06 06 06 06 06 06 06 06 06 06 06 06 06 06 06 06 06 06 06 06 06 06 06 06 06 06 06 06 06 06 06 

4  (Chord: 45364566)
69 69 69 69 67 67 69 69 69 69 00 00 76 76 76 76 74 74 74 74 79 79 74 74 74 74 74 00 72 72 71 71 72 72 72 72 71 71 72 72 72 72 72 72 74 74 74 74 76 76 76 76 76 76 00 00 74 74 74 74 76 76 76 76 74 74 74 72 72 00 69 69 69 69 69 69 69 69 00 00 71 71 71 71 74 74 71 71 71 71 71 71 67 67 67 67 69 69 69 69 69 69 69 69 69 69 69 69 69 69 69 69 00 00 00 00 00 00 00 00 00 00 00 00 00 00 00 00 
04 04 04 04 04 04 04 04 04 04 04 04 04 04 04 04 05 05 05 05 05 05 05 05 05 05 05 05 05 05 05 05 03 03 03 03 03 03 03 03 03 03 03 03 03 03 03 03 06 06 06 06 06 06 06 06 06 06 06 06 06 06 06 06 04 04 04 04 04 04 04 04 04 04 04 04 04 04 04 04 05 05 05 05 05 05 05 05 05 05 05 05 05 05 05 05 06 06 06 06 06 06 06 06 06 06 06 06 06 06 06 06 06 06 06 06 06 06 06 06 06 06 06 06 06 06 06 06 

5  (Chord: 45364566)
81 81 81 81 81 81 81 81 81 81 81 81 81 00 00 00 79 79 79 79 79 79 79 79 79 79 00 00 74 74 74 00 74 74 74 00 79 79 79 00 71 71 71 00 72 72 72 00 69 69 69 69 69 69 69 69 69 69 00 00 67 67 67 00 69 69 69 00 72 72 72 00 69 69 69 69 69 69 69 69 69 69 00 00 72 72 72 00 69 69 00 00 67 67 67 67 67 67 00 00 69 69 69 00 69 69 69 69 69 69 69 69 69 69 69 69 69 00 00 00 00 00 00 00 00 00 00 00 
04 04 04 04 04 04 04 04 04 04 04 04 04 04 04 04 05 05 05 05 05 05 05 05 05 05 05 05 05 05 05 05 03 03 03 03 03 03 03 03 03 03 03 03 03 03 03 03 06 06 06 06 06 06 06 06 06 06 06 06 06 06 06 06 04 04 04 04 04 04 04 04 04 04 04 04 04 04 04 04 05 05 05 05 05 05 05 05 05 05 05 05 05 05 05 05 06 06 06 06 06 06 06 06 06 06 06 06 06 06 06 06 06 06 06 06 06 06 06 06 06 06 06 06 06 06 06 06 

6  (Chord: 45364566)
69 69 69 69 67 67 69 69 69 69 69 69 74 74 74 74 74 74 74 00 76 76 74 74 74 74 74 00 72 72 74 74 76 76 76 76 74 74 76 76 76 76 76 76 72 72 72 72 69 69 69 69 69 69 69 69 69 69 69 69 67 67 69 69 72 72 72 72 72 72 72 72 72 72 72 72 67 67 69 69 71 71 71 71 71 71 71 71 72 72 71 71 69 69 67 67 69 69 69 69 69 69 69 69 69 69 69 69 69 69 69 69 72 72 72 72 76 76 76 76 76 76 76 76 74 74 76 76 
04 04 04 04 04 04 04 04 04 04 04 04 04 04 04 04 05 05 05 05 05 05 05 05 05 05 05 05 05 05 05 05 03 03 03 03 03 03 03 03 03 03 03 03 03 03 03 03 06 06 06 06 06 06 06 06 06 06 06 06 06 06 06 06 04 04 04 04 04 04 04 04 04 04 04 04 04 04 04 04 05 05 05 05 05 05 05 05 05 05 05 05 05 05 05 05 06 06 06 06 06 06 06 06 06 06 06 06 06 06 06 06 06 06 06 06 06 06 06 06 06 06 06 06 06 06 06 06 

7  (Chord: 45364566)
69 69 69 69 67 67 69 69 69 69 69 69 72 72 72 72 71 71 71 71 69 69 69 69 69 69 69 69 67 67 67 67 64 64 64 64 67 67 64 64 64 64 64 64 69 69 71 71 72 72 72 72 72 72 72 72 72 72 00 00 64 64 64 64 69 69 69 69 69 69 69 69 69 69 69 69 74 74 74 74 72 72 72 72 71 71 71 71 71 71 71 71 67 67 67 67 67 67 67 67 69 69 69 69 69 69 69 69 69 69 69 69 69 69 69 69 69 69 69 69 69 69 69 69 69 69 00 00 
04 04 04 04 04 04 04 04 04 04 04 04 04 04 04 04 05 05 05 05 05 05 05 05 05 05 05 05 05 05 05 05 03 03 03 03 03 03 03 03 03 03 03 03 03 03 03 03 06 06 06 06 06 06 06 06 06 06 06 06 06 06 06 06 04 04 04 04 04 04 04 04 04 04 04 04 04 04 04 04 05 05 05 05 05 05 05 05 05 05 05 05 05 05 05 05 06 06 06 06 06 06 06 06 06 06 06 06 06 06 06 06 06 06 06 06 06 06 06 06 06 06 06 06 06 06 06 06 

8  (Chord: 45164513)
81 81 81 81 00 00 79 79 81 81 81 81 00 00 79 79 74 74 76 76 74 74 72 72 74 74 74 00 74 74 76 76 79 79 79 79 00 00 76 76 79 79 79 00 79 79 81 81 81 81 79 79 79 79 76 76 76 76 76 00 76 76 79 79 81 81 81 81 00 00 79 79 81 81 81 81 00 00 84 84 86 86 88 88 86 86 84 84 86 86 86 86 86 86 88 88 79 79 79 79 00 00 76 76 79 79 76 76 79 79 81 81 81 81 81 81 81 81 84 84 83 83 79 79 76 76 00 00 
04 04 04 04 04 04 04 04 04 04 04 04 04 04 04 04 05 05 05 05 05 05 05 05 05 05 05 05 05 05 05 05 01 01 01 01 01 01 01 01 01 01 01 01 01 01 01 01 06 06 06 06 06 06 06 06 06 06 06 06 06 06 06 06 04 04 04 04 04 04 04 04 04 04 04 04 04 04 04 04 05 05 05 05 05 05 05 05 05 05 05 05 05 05 05 05 01 01 01 01 01 01 01 01 01 01 01 01 01 01 01 01 03 03 03 03 03 03 03 03 03 03 03 03 03 03 03 03 

9  (Chord: 45164513)
76 76 74 74 76 76 81 81 81 00 67 67 69 69 72 72 74 74 72 72 74 74 76 76 76 00 67 67 69 69 72 72 74 74 72 72 74 74 76 76 76 76 76 76 74 74 72 72 71 71 71 72 71 71 67 67 67 00 67 67 69 69 72 72 76 76 74 74 76 76 81 81 81 00 67 67 69 69 72 72 74 74 72 72 74 74 76 76 76 00 67 67 69 69 72 72 74 74 72 72 74 74 76 76 76 00 84 84 83 83 79 79 74 74 74 76 74 74 72 72 72 00 71 72 71 71 67 67 
04 04 04 04 04 04 04 04 04 04 04 04 04 04 04 04 05 05 05 05 05 05 05 05 05 05 05 05 05 05 05 05 01 01 01 01 01 01 01 01 01 01 01 01 01 01 01 01 06 06 06 06 06 06 06 06 06 06 06 06 06 06 06 06 04 04 04 04 04 04 04 04 04 04 04 04 04 04 04 04 05 05 05 05 05 05 05 05 05 05 05 05 05 05 05 05 01 01 01 01 01 01 01 01 01 01 01 01 01 01 01 01 03 03 03 03 03 03 03 03 03 03 03 03 03 03 03 03 

10  (Chord: 45164513)
76 76 76 00 76 76 74 74 76 76 81 81 72 72 74 74 74 00 67 67 72 72 74 74 00 00 67 67 72 72 74 74 76 76 76 76 76 76 74 74 76 76 79 79 67 67 72 72 72 00 72 72 71 71 72 72 72 72 72 72 71 71 67 67 76 76 76 00 76 76 74 74 76 76 81 81 72 72 74 74 74 00 67 67 72 72 74 74 74 00 67 67 72 72 74 74 76 76 76 76 76 76 74 74 76 76 84 84 83 83 84 84 84 00 84 84 83 83 84 84 84 00 84 84 83 83 79 79 
04 04 04 04 04 04 04 04 04 04 04 04 04 04 04 04 05 05 05 05 05 05 05 05 05 05 05 05 05 05 05 05 01 01 01 01 01 01 01 01 01 01 01 01 01 01 01 01 06 06 06 06 06 06 06 06 06 06 06 06 06 06 06 06 04 04 04 04 04 04 04 04 04 04 04 04 04 04 04 04 05 05 05 05 05 05 05 05 05 05 05 05 05 05 05 05 01 01 01 01 01 01 01 01 01 01 01 01 01 01 01 01 03 03 03 03 03 03 03 03 03 03 03 03 03 03 03 03 

11  (Chord: 64156415)
79 79 76 76 72 72 79 79 76 76 72 72 79 79 76 76 77 77 76 76 72 72 77 77 76 76 72 72 77 77 76 76 76 76 72 72 67 67 76 76 72 72 67 67 76 76 72 72 74 74 72 72 67 67 74 74 72 72 67 67 74 74 76 76 79 79 76 76 72 72 79 79 76 76 72 72 79 79 76 76 77 77 76 76 72 72 77 77 76 76 72 72 77 77 76 76 76 76 72 72 67 67 76 76 72 72 67 67 76 76 72 72 74 74 72 72 67 67 74 74 72 72 67 67 74 74 76 76 
06 06 06 06 06 06 06 06 06 06 06 06 06 06 06 06 04 04 04 04 04 04 04 04 04 04 04 04 04 04 04 04 01 01 01 01 01 01 01 01 01 01 01 01 01 01 01 01 05 05 05 05 05 05 05 05 05 05 05 05 05 05 05 05 06 06 06 06 06 06 06 06 06 06 06 06 06 06 06 06 04 04 04 04 04 04 04 04 04 04 04 04 04 04 04 04 01 01 01 01 01 01 01 01 01 01 01 01 01 01 01 01 05 05 05 05 05 05 05 05 05 05 05 05 05 05 05 05 

12  (Chord: 64156415)
81 81 81 81 81 81 00 00 79 79 79 00 76 76 76 00 72 72 72 72 72 00 00 00 81 81 81 81 79 79 79 00 76 76 76 76 76 00 00 00 79 79 79 00 72 72 72 00 76 76 76 76 74 74 74 00 72 72 72 72 71 71 71 00 81 81 81 81 81 00 00 00 84 84 84 00 79 79 79 00 72 72 72 72 00 00 00 00 72 72 72 00 79 79 79 00 76 76 76 76 76 00 00 00 76 76 76 00 79 79 79 00 76 76 76 76 76 00 74 74 74 74 74 00 72 72 72 00 
06 06 06 06 06 06 06 06 06 06 06 06 06 06 06 06 04 04 04 04 04 04 04 04 04 04 04 04 04 04 04 04 01 01 01 01 01 01 01 01 01 01 01 01 01 01 01 01 05 05 05 05 05 05 05 05 05 05 05 05 05 05 05 05 06 06 06 06 06 06 06 06 06 06 06 06 06 06 06 06 04 04 04 04 04 04 04 04 04 04 04 04 04 04 04 04 01 01 01 01 01 01 01 01 01 01 01 01 01 01 01 01 05 05 05 05 05 05 05 05 05 05 05 05 05 05 05 05 

13  (Chord: 64156415)
79 79 79 79 79 00 69 69 72 72 69 69 72 72 69 69 69 69 00 00 00 00 00 00 00 00 00 00 00 00 67 67 79 79 79 79 79 79 79 79 79 79 00 00 00 00 72 72 72 00 71 71 71 71 00 00 71 71 71 00 72 72 72 00 79 79 79 79 79 00 69 69 72 72 69 69 72 72 69 69 69 69 69 69 69 69 00 00 00 00 00 00 00 00 67 67 79 79 79 79 79 79 79 79 79 79 79 79 79 79 72 72 72 72 72 72 72 00 74 74 72 72 72 00 71 71 71 00 
06 06 06 06 06 06 06 06 06 06 06 06 06 06 06 06 04 04 04 04 04 04 04 04 04 04 04 04 04 04 04 04 01 01 01 01 01 01 01 01 01 01 01 01 01 01 01 01 05 05 05 05 05 05 05 05 05 05 05 05 05 05 05 05 06 06 06 06 06 06 06 06 06 06 06 06 06 06 06 06 04 04 04 04 04 04 04 04 04 04 04 04 04 04 04 04 01 01 01 01 01 01 01 01 01 01 01 01 01 01 01 01 05 05 05 05 05 05 05 05 05 05 05 05 05 05 05 05 

14  (Chord: 64156415)
76 76 76 76 76 76 76 76 76 76 72 72 72 72 00 00 79 79 79 79 79 79 79 79 79 79 74 74 74 74 00 00 76 76 76 76 74 74 74 00 76 76 76 00 74 74 76 76 76 00 77 77 77 77 00 00 72 72 72 00 71 71 71 00 76 76 76 00 76 76 76 76 76 76 72 72 72 72 00 00 79 79 79 00 81 81 79 79 79 00 76 76 76 76 00 00 74 74 74 00 72 72 72 00 74 74 74 00 72 72 74 74 74 00 76 76 76 76 00 00 71 71 71 00 72 72 72 00 
06 06 06 06 06 06 06 06 06 06 06 06 06 06 06 06 04 04 04 04 04 04 04 04 04 04 04 04 04 04 04 04 01 01 01 01 01 01 01 01 01 01 01 01 01 01 01 01 05 05 05 05 05 05 05 05 05 05 05 05 05 05 05 05 06 06 06 06 06 06 06 06 06 06 06 06 06 06 06 06 04 04 04 04 04 04 04 04 04 04 04 04 04 04 04 04 01 01 01 01 01 01 01 01 01 01 01 01 01 01 01 01 05 05 05 05 05 05 05 05 05 05 05 05 05 05 05 05 

15  (Chord: 64156415)
79 79 79 79 79 79 79 79 79 79 79 79 72 72 67 67 77 77 77 77 77 77 76 76 76 76 76 76 74 74 72 72 79 79 79 79 79 79 79 79 79 79 79 79 72 72 84 84 83 83 83 83 83 83 79 79 79 79 79 79 74 74 76 76 79 79 79 79 79 79 79 79 79 79 79 79 72 72 67 67 77 77 77 77 77 77 76 76 76 76 76 76 74 74 72 72 79 79 79 79 79 79 79 79 79 79 79 79 72 72 84 84 83 83 83 83 83 83 79 79 79 79 79 79 71 71 72 72 
06 06 06 06 06 06 06 06 06 06 06 06 06 06 06 06 04 04 04 04 04 04 04 04 04 04 04 04 04 04 04 04 01 01 01 01 01 01 01 01 01 01 01 01 01 01 01 01 05 05 05 05 05 05 05 05 05 05 05 05 05 05 05 05 06 06 06 06 06 06 06 06 06 06 06 06 06 06 06 06 04 04 04 04 04 04 04 04 04 04 04 04 04 04 04 04 01 01 01 01 01 01 01 01 01 01 01 01 01 01 01 01 05 05 05 05 05 05 05 05 05 05 05 05 05 05 05 05 

16  (Chord: 64156415)
72 72 79 79 79 79 79 79 72 72 72 72 72 72 69 69 69 00 00 00 00 00 00 00 77 77 76 76 74 74 72 72 72 72 79 79 79 79 79 79 72 72 72 72 72 72 71 71 71 00 00 00 00 00 00 00 77 77 76 76 74 74 72 72 72 72 79 79 79 79 79 79 72 72 72 72 72 72 69 69 69 00 00 00 00 00 00 00 77 77 76 76 74 74 72 72 72 72 79 79 79 79 79 79 72 72 72 72 72 72 71 71 71 00 00 00 00 00 00 00 77 77 76 76 74 74 72 72 
06 06 06 06 06 06 06 06 06 06 06 06 06 06 06 06 04 04 04 04 04 04 04 04 04 04 04 04 04 04 04 04 01 01 01 01 01 01 01 01 01 01 01 01 01 01 01 01 05 05 05 05 05 05 05 05 05 05 05 05 05 05 05 05 06 06 06 06 06 06 06 06 06 06 06 06 06 06 06 06 04 04 04 04 04 04 04 04 04 04 04 04 04 04 04 04 01 01 01 01 01 01 01 01 01 01 01 01 01 01 01 01 05 05 05 05 05 05 05 05 05 05 05 05 05 05 05 05 

17  (Chord: 64156415)
76 76 76 00 76 76 74 74 76 76 74 74 76 76 79 79 79 00 84 84 83 83 79 79 74 74 74 74 74 00 72 72 74 74 74 00 74 74 72 72 74 74 72 72 74 74 76 76 76 00 79 79 79 79 76 76 79 79 79 81 81 81 83 83 76 76 76 00 76 76 74 74 76 76 74 74 76 76 79 79 79 00 84 84 83 83 79 79 74 74 00 74 74 74 72 72 74 74 74 00 74 74 72 72 74 74 72 72 74 74 76 76 76 00 79 79 79 79 76 76 79 79 79 81 81 81 83 83 
06 06 06 06 06 06 06 06 06 06 06 06 06 06 06 06 04 04 04 04 04 04 04 04 04 04 04 04 04 04 04 04 01 01 01 01 01 01 01 01 01 01 01 01 01 01 01 01 05 05 05 05 05 05 05 05 05 05 05 05 05 05 05 05 06 06 06 06 06 06 06 06 06 06 06 06 06 06 06 06 04 04 04 04 04 04 04 04 04 04 04 04 04 04 04 04 01 01 01 01 01 01 01 01 01 01 01 01 01 01 01 01 05 05 05 05 05 05 05 05 05 05 05 05 05 05 05 05 

18  (Chord: 64156415)
72 72 72 72 72 72 72 72 72 72 72 72 76 76 76 76 81 81 81 81 81 81 81 81 81 81 81 81 79 79 79 79 76 76 76 76 76 76 76 76 76 76 76 76 76 76 76 76 71 71 71 71 71 71 71 71 71 71 71 71 69 69 69 69 72 72 72 72 72 72 72 72 72 72 72 72 76 76 76 76 81 81 81 81 81 81 81 81 81 81 81 81 79 79 79 79 76 76 76 76 76 76 76 76 76 76 76 76 76 76 76 76 71 71 71 71 71 71 71 71 71 71 71 71 71 71 71 71 
06 06 06 06 06 06 06 06 06 06 06 06 06 06 06 06 04 04 04 04 04 04 04 04 04 04 04 04 04 04 04 04 01 01 01 01 01 01 01 01 01 01 01 01 01 01 01 01 05 05 05 05 05 05 05 05 05 05 05 05 05 05 05 05 06 06 06 06 06 06 06 06 06 06 06 06 06 06 06 06 04 04 04 04 04 04 04 04 04 04 04 04 04 04 04 04 01 01 01 01 01 01 01 01 01 01 01 01 01 01 01 01 05 05 05 05 05 05 05 05 05 05 05 05 05 05 05 05 

19  (Chord: 64156415)
72 72 72 00 72 72 72 00 74 74 74 00 76 76 79 79 79 00 79 79 79 79 76 76 79 79 79 79 81 81 81 00 76 76 76 00 76 76 76 00 76 76 76 00 72 72 74 74 74 00 74 74 74 74 72 72 79 79 79 00 76 76 76 00 72 72 72 72 72 72 72 00 74 74 74 00 76 76 79 79 79 00 79 79 79 79 76 76 79 79 79 00 81 81 81 00 84 84 84 84 84 84 84 00 84 84 84 84 86 86 83 83 83 83 83 83 83 00 76 76 77 76 76 74 74 74 71 71 
06 06 06 06 06 06 06 06 06 06 06 06 06 06 06 06 04 04 04 04 04 04 04 04 04 04 04 04 04 04 04 04 01 01 01 01 01 01 01 01 01 01 01 01 01 01 01 01 05 05 05 05 05 05 05 05 05 05 05 05 05 05 05 05 06 06 06 06 06 06 06 06 06 06 06 06 06 06 06 06 04 04 04 04 04 04 04 04 04 04 04 04 04 04 04 04 01 01 01 01 01 01 01 01 01 01 01 01 01 01 01 01 05 05 05 05 05 05 05 05 05 05 05 05 05 05 05 05 

20  (Chord: 64156415)
69 69 69 69 76 76 81 81 84 84 84 84 83 81 79 81 81 81 81 81 84 84 81 81 77 77 77 77 77 77 77 00 76 76 76 76 76 76 74 74 72 72 72 00 79 77 76 72 74 74 74 00 74 74 76 76 71 71 71 00 71 71 71 00 69 69 69 69 76 76 81 81 84 84 84 84 83 81 79 81 81 81 81 81 84 84 81 81 77 77 77 00 77 77 77 00 76 76 76 76 76 76 74 74 72 72 00 00 79 77 76 72 74 74 74 00 74 74 76 76 71 71 71 00 71 71 71 00 
06 06 06 06 06 06 06 06 06 06 06 06 06 06 06 06 04 04 04 04 04 04 04 04 04 04 04 04 04 04 04 04 01 01 01 01 01 01 01 01 01 01 01 01 01 01 01 01 05 05 05 05 05 05 05 05 05 05 05 05 05 05 05 05 06 06 06 06 06 06 06 06 06 06 06 06 06 06 06 06 04 04 04 04 04 04 04 04 04 04 04 04 04 04 04 04 01 01 01 01 01 01 01 01 01 01 01 01 01 01 01 01 05 05 05 05 05 05 05 05 05 05 05 05 05 05 05 05 

21  (Chord: 45364511)
69 69 69 65 65 65 69 69 69 00 00 00 76 76 76 76 76 74 74 74 74 74 74 74 74 72 72 71 71 69 69 67 67 67 67 67 67 67 00 67 67 67 67 64 64 74 74 74 74 74 72 72 72 72 72 72 72 72 72 72 72 71 71 72 72 72 72 71 71 72 72 72 72 67 67 67 67 67 00 72 72 72 72 71 71 69 69 69 69 69 69 67 67 67 67 67 64 64 64 64 64 64 64 64 64 64 64 62 62 67 67 64 64 64 64 64 64 64 64 64 64 00 00 00 00 00 00 00 
04 04 04 04 04 04 04 04 04 04 04 04 04 04 04 04 05 05 05 05 05 05 05 05 05 05 05 05 05 05 05 05 03 03 03 03 03 03 03 03 03 03 03 03 03 03 03 03 06 06 06 06 06 06 06 06 06 06 06 06 06 06 06 06 04 04 04 04 04 04 04 04 04 04 04 04 04 04 04 04 05 05 05 05 05 05 05 05 05 05 05 05 05 05 05 05 01 01 01 01 01 01 01 01 01 01 01 01 01 01 01 01 01 01 01 01 01 01 01 01 01 01 01 01 01 01 01 01 

22  (Chord: 45364511)
76 76 76 69 69 74 74 74 74 74 74 74 00 00 00 00 76 76 76 76 69 69 74 74 74 00 72 72 71 71 72 72 74 74 74 74 74 74 00 00 74 74 74 74 67 67 74 74 74 74 72 72 72 72 72 72 72 72 72 71 71 71 72 72 69 69 67 67 65 65 65 65 65 65 65 65 65 00 00 00 72 72 72 72 71 71 69 69 69 69 69 00 74 74 74 74 72 72 72 72 72 72 72 72 72 72 72 72 72 72 72 72 00 00 00 00 00 00 00 00 00 00 00 00 00 00 00 00 
04 04 04 04 04 04 04 04 04 04 04 04 04 04 04 04 05 05 05 05 05 05 05 05 05 05 05 05 05 05 05 05 03 03 03 03 03 03 03 03 03 03 03 03 03 03 03 03 06 06 06 06 06 06 06 06 06 06 06 06 06 06 06 06 04 04 04 04 04 04 04 04 04 04 04 04 04 04 04 04 05 05 05 05 05 05 05 05 05 05 05 05 05 05 05 05 01 01 01 01 01 01 01 01 01 01 01 01 01 01 01 01 01 01 01 01 01 01 01 01 01 01 01 01 01 01 01 01 

23  (Chord: 45364511)
76 76 76 76 72 72 72 72 69 69 69 00 65 65 76 76 76 76 74 74 74 74 74 00 71 71 72 72 74 74 74 00 74 74 74 74 71 71 71 71 67 67 67 00 64 64 74 74 74 74 72 72 72 72 72 72 72 72 72 72 69 69 71 71 72 72 72 72 72 72 72 72 72 72 72 72 00 00 00 00 72 72 72 72 72 72 71 71 71 71 71 71 67 67 67 67 64 64 64 64 64 64 64 64 64 64 64 64 62 62 62 62 64 64 64 64 64 64 64 64 64 00 00 00 00 00 00 00 
04 04 04 04 04 04 04 04 04 04 04 04 04 04 04 04 05 05 05 05 05 05 05 05 05 05 05 05 05 05 05 05 03 03 03 03 03 03 03 03 03 03 03 03 03 03 03 03 06 06 06 06 06 06 06 06 06 06 06 06 06 06 06 06 04 04 04 04 04 04 04 04 04 04 04 04 04 04 04 04 05 05 05 05 05 05 05 05 05 05 05 05 05 05 05 05 01 01 01 01 01 01 01 01 01 01 01 01 01 01 01 01 01 01 01 01 01 01 01 01 01 01 01 01 01 01 01 01 

24  (Chord: 45364511)
69 69 69 69 65 65 65 00 69 69 69 00 76 76 76 00 74 74 74 74 74 74 74 74 74 00 00 00 00 00 00 00 71 71 71 00 71 71 71 00 71 71 71 71 74 74 00 00 72 72 72 72 72 72 72 72 72 00 00 00 00 00 00 00 69 69 69 69 67 67 67 00 69 69 69 69 72 72 72 00 72 72 72 00 69 69 69 00 72 72 72 72 79 79 79 00 76 76 76 76 76 76 76 76 76 76 76 76 76 76 76 76 76 00 00 00 76 76 76 00 74 74 74 74 72 72 72 00 
04 04 04 04 04 04 04 04 04 04 04 04 04 04 04 04 05 05 05 05 05 05 05 05 05 05 05 05 05 05 05 05 03 03 03 03 03 03 03 03 03 03 03 03 03 03 03 03 06 06 06 06 06 06 06 06 06 06 06 06 06 06 06 06 04 04 04 04 04 04 04 04 04 04 04 04 04 04 04 04 05 05 05 05 05 05 05 05 05 05 05 05 05 05 05 05 01 01 01 01 01 01 01 01 01 01 01 01 01 01 01 01 01 01 01 01 01 01 01 01 01 01 01 01 01 01 01 01 

25  (Chord: 45364511)
81 81 81 81 79 79 79 00 81 81 81 00 76 76 76 00 74 74 74 74 74 74 74 74 74 74 74 74 00 00 00 00 84 84 84 00 83 83 83 00 79 79 79 00 74 74 74 00 72 72 72 72 72 72 72 72 72 72 00 00 71 71 71 00 69 69 69 00 79 79 79 79 79 79 00 00 69 69 69 00 69 69 69 00 79 79 79 79 79 79 79 00 69 69 00 00 72 72 72 72 67 67 67 00 74 74 74 00 77 77 77 00 76 76 76 76 00 00 00 00 00 00 00 00 00 00 00 00 
04 04 04 04 04 04 04 04 04 04 04 04 04 04 04 04 05 05 05 05 05 05 05 05 05 05 05 05 05 05 05 05 03 03 03 03 03 03 03 03 03 03 03 03 03 03 03 03 06 06 06 06 06 06 06 06 06 06 06 06 06 06 06 06 04 04 04 04 04 04 04 04 04 04 04 04 04 04 04 04 05 05 05 05 05 05 05 05 05 05 05 05 05 05 05 05 01 01 01 01 01 01 01 01 01 01 01 01 01 01 01 01 01 01 01 01 01 01 01 01 01 01 01 01 01 01 01 01 

26  (Chord: 45364511)
81 81 77 77 81 81 77 77 81 81 77 77 77 77 88 88 88 88 86 86 84 84 86 86 86 86 83 83 83 83 81 81 79 79 79 79 79 79 76 76 79 79 79 79 79 79 86 86 86 86 84 84 83 83 84 84 84 00 88 88 86 86 84 84 81 81 81 81 81 81 77 77 81 81 77 77 77 00 88 88 88 88 86 86 84 84 86 86 86 86 79 79 84 84 84 84 86 86 86 86 86 86 79 79 79 79 79 79 86 86 86 86 88 88 88 88 88 88 88 00 00 00 00 00 00 00 00 00 
04 04 04 04 04 04 04 04 04 04 04 04 04 04 04 04 05 05 05 05 05 05 05 05 05 05 05 05 05 05 05 05 03 03 03 03 03 03 03 03 03 03 03 03 03 03 03 03 06 06 06 06 06 06 06 06 06 06 06 06 06 06 06 06 04 04 04 04 04 04 04 04 04 04 04 04 04 04 04 04 05 05 05 05 05 05 05 05 05 05 05 05 05 05 05 05 01 01 01 01 01 01 01 01 01 01 01 01 01 01 01 01 01 01 01 01 01 01 01 01 01 01 01 01 01 01 01 01 

27  (Chord: 45364511)
81 81 81 79 79 79 79 79 79 79 79 00 76 76 76 74 74 74 74 72 72 72 72 00 72 72 72 67 67 67 67 74 74 74 74 76 76 76 76 69 69 69 69 72 72 72 72 00 72 72 72 72 00 00 00 69 69 69 69 67 67 67 00 81 81 81 81 79 79 79 79 79 79 79 79 76 76 76 76 74 74 74 74 72 72 72 72 72 72 72 72 67 67 67 67 00 74 74 74 00 67 67 67 74 74 74 74 77 77 77 77 76 76 76 76 76 76 76 00 74 74 74 74 72 72 72 72 00 
04 04 04 04 04 04 04 04 04 04 04 04 04 04 04 04 05 05 05 05 05 05 05 05 05 05 05 05 05 05 05 05 03 03 03 03 03 03 03 03 03 03 03 03 03 03 03 03 06 06 06 06 06 06 06 06 06 06 06 06 06 06 06 06 04 04 04 04 04 04 04 04 04 04 04 04 04 04 04 04 05 05 05 05 05 05 05 05 05 05 05 05 05 05 05 05 01 01 01 01 01 01 01 01 01 01 01 01 01 01 01 01 01 01 01 01 01 01 01 01 01 01 01 01 01 01 01 01 

28  (Chord: 41564156)
81 81 81 81 81 81 79 79 81 81 79 79 79 79 76 76 76 76 76 76 76 76 76 00 76 76 76 76 72 72 72 72 74 74 74 74 74 74 76 76 74 74 72 72 72 00 69 69 69 69 69 69 00 00 00 00 84 84 84 84 83 83 83 83 81 81 81 00 81 81 79 79 81 81 79 79 00 00 76 76 76 76 76 76 76 76 76 76 76 76 72 72 72 00 74 74 74 74 74 74 74 74 79 79 76 76 74 74 74 00 74 74 74 74 74 74 00 00 72 72 84 84 84 84 83 83 83 83 
04 04 04 04 04 04 04 04 04 04 04 04 04 04 04 04 01 01 01 01 01 01 01 01 01 01 01 01 01 01 01 01 05 05 05 05 05 05 05 05 05 05 05 05 05 05 05 05 06 06 06 06 06 06 06 06 06 06 06 06 06 06 06 06 04 04 04 04 04 04 04 04 04 04 04 04 04 04 04 04 01 01 01 01 01 01 01 01 01 01 01 01 01 01 01 01 05 05 05 05 05 05 05 05 05 05 05 05 05 05 05 05 06 06 06 06 06 06 06 06 06 06 06 06 06 06 06 06 

29  (Chord: 41564156)
79 79 81 81 84 84 84 84 81 81 81 81 79 79 79 79 81 81 81 81 76 76 76 76 79 79 79 79 79 79 00 00 74 74 74 74 72 72 72 72 74 74 74 74 79 79 79 79 76 76 76 76 76 76 76 76 76 76 76 00 00 00 00 00 79 79 81 81 84 84 84 84 81 81 81 81 79 79 79 79 81 81 81 81 76 76 76 76 79 79 79 79 79 79 79 79 74 74 74 74 72 72 72 72 74 74 74 74 79 79 79 79 76 76 76 76 76 76 76 76 76 76 00 00 00 00 00 00 
04 04 04 04 04 04 04 04 04 04 04 04 04 04 04 04 01 01 01 01 01 01 01 01 01 01 01 01 01 01 01 01 05 05 05 05 05 05 05 05 05 05 05 05 05 05 05 05 06 06 06 06 06 06 06 06 06 06 06 06 06 06 06 06 04 04 04 04 04 04 04 04 04 04 04 04 04 04 04 04 01 01 01 01 01 01 01 01 01 01 01 01 01 01 01 01 05 05 05 05 05 05 05 05 05 05 05 05 05 05 05 05 06 06 06 06 06 06 06 06 06 06 06 06 06 06 06 06 

30  (Chord: 41564156)
69 69 69 67 67 67 69 69 69 72 72 00 76 76 76 00 76 76 76 74 74 74 76 76 76 79 79 79 76 76 76 00 74 74 74 72 72 72 74 74 74 79 79 79 74 74 74 00 74 74 74 72 72 72 74 74 74 00 76 76 74 76 74 72 69 69 69 67 67 67 69 69 69 72 72 72 76 76 76 76 76 76 76 74 74 74 76 76 76 79 79 79 76 76 76 00 74 74 74 72 72 72 74 74 74 79 79 79 76 76 76 00 74 74 74 72 72 72 74 74 74 74 76 76 74 76 74 72 
04 04 04 04 04 04 04 04 04 04 04 04 04 04 04 04 01 01 01 01 01 01 01 01 01 01 01 01 01 01 01 01 05 05 05 05 05 05 05 05 05 05 05 05 05 05 05 05 06 06 06 06 06 06 06 06 06 06 06 06 06 06 06 06 04 04 04 04 04 04 04 04 04 04 04 04 04 04 04 04 01 01 01 01 01 01 01 01 01 01 01 01 01 01 01 01 05 05 05 05 05 05 05 05 05 05 05 05 05 05 05 05 06 06 06 06 06 06 06 06 06 06 06 06 06 06 06 06 

31  (Chord: 41564156)
72 72 72 72 72 72 72 00 76 76 74 74 74 72 72 72 72 72 72 72 72 72 72 00 76 74 74 74 74 72 72 72 71 71 71 71 71 71 71 00 71 71 71 71 71 71 71 71 71 71 72 72 72 72 00 76 76 76 74 74 74 72 72 72 72 72 72 72 72 72 00 00 76 74 74 74 74 74 72 72 72 72 72 72 72 72 72 00 76 76 74 74 74 72 72 72 71 71 71 71 71 71 71 71 71 71 71 00 72 71 71 71 71 72 72 72 72 00 81 81 81 79 79 79 79 00 00 00 
04 04 04 04 04 04 04 04 04 04 04 04 04 04 04 04 01 01 01 01 01 01 01 01 01 01 01 01 01 01 01 01 05 05 05 05 05 05 05 05 05 05 05 05 05 05 05 05 06 06 06 06 06 06 06 06 06 06 06 06 06 06 06 06 04 04 04 04 04 04 04 04 04 04 04 04 04 04 04 04 01 01 01 01 01 01 01 01 01 01 01 01 01 01 01 01 05 05 05 05 05 05 05 05 05 05 05 05 05 05 05 05 06 06 06 06 06 06 06 06 06 06 06 06 06 06 06 06 

32  (Chord: 41564156)
72 72 72 72 72 00 81 81 79 79 79 79 79 00 76 76 74 74 74 74 74 00 72 72 74 74 76 76 72 72 72 72 67 67 67 67 00 00 81 81 79 79 79 79 00 00 76 76 74 74 74 74 00 00 72 72 83 83 79 79 84 84 84 00 72 72 72 72 00 00 81 81 79 79 79 79 00 00 76 76 74 74 74 74 00 00 72 72 74 74 76 76 72 72 72 72 72 00 77 77 77 77 77 77 77 77 76 76 72 72 74 74 74 74 74 74 67 67 74 74 74 74 74 00 72 72 72 72 
04 04 04 04 04 04 04 04 04 04 04 04 04 04 04 04 01 01 01 01 01 01 01 01 01 01 01 01 01 01 01 01 05 05 05 05 05 05 05 05 05 05 05 05 05 05 05 05 06 06 06 06 06 06 06 06 06 06 06 06 06 06 06 06 04 04 04 04 04 04 04 04 04 04 04 04 04 04 04 04 01 01 01 01 01 01 01 01 01 01 01 01 01 01 01 01 05 05 05 05 05 05 05 05 05 05 05 05 05 05 05 05 06 06 06 06 06 06 06 06 06 06 06 06 06 06 06 06 

33  (Chord: 41564156)
72 72 72 72 72 72 72 00 79 79 79 00 79 76 76 76 76 76 76 76 76 76 76 00 84 84 84 84 84 84 83 83 83 83 83 83 83 83 83 00 83 83 81 83 83 83 84 84 84 81 81 81 81 81 81 81 81 81 81 00 79 79 72 72 72 72 72 00 72 72 72 00 79 79 79 00 79 79 76 76 76 76 76 76 76 76 76 84 84 84 84 00 84 83 83 83 83 83 83 83 83 83 83 00 86 86 86 00 86 86 84 84 84 84 81 81 81 81 81 81 81 81 81 81 79 79 79 79 
04 04 04 04 04 04 04 04 04 04 04 04 04 04 04 04 01 01 01 01 01 01 01 01 01 01 01 01 01 01 01 01 05 05 05 05 05 05 05 05 05 05 05 05 05 05 05 05 06 06 06 06 06 06 06 06 06 06 06 06 06 06 06 06 04 04 04 04 04 04 04 04 04 04 04 04 04 04 04 04 01 01 01 01 01 01 01 01 01 01 01 01 01 01 01 01 05 05 05 05 05 05 05 05 05 05 05 05 05 05 05 05 06 06 06 06 06 06 06 06 06 06 06 06 06 06 06 06 

34  (Chord: 41564156)
81 81 81 81 81 00 79 79 81 81 83 83 81 81 79 79 76 76 76 76 76 76 76 76 76 00 76 76 76 76 72 72 74 74 74 74 74 74 72 72 74 74 74 74 74 74 72 72 74 76 79 79 79 79 79 79 79 79 72 72 76 76 79 79 81 81 81 81 81 81 79 79 81 81 83 83 81 81 79 79 76 76 76 76 76 76 76 76 76 76 76 76 76 76 72 72 74 74 74 74 74 00 76 76 79 79 79 79 79 79 81 81 76 76 76 76 76 76 00 00 77 77 76 76 74 74 72 72 
04 04 04 04 04 04 04 04 04 04 04 04 04 04 04 04 01 01 01 01 01 01 01 01 01 01 01 01 01 01 01 01 05 05 05 05 05 05 05 05 05 05 05 05 05 05 05 05 06 06 06 06 06 06 06 06 06 06 06 06 06 06 06 06 04 04 04 04 04 04 04 04 04 04 04 04 04 04 04 04 01 01 01 01 01 01 01 01 01 01 01 01 01 01 01 01 05 05 05 05 05 05 05 05 05 05 05 05 05 05 05 05 06 06 06 06 06 06 06 06 06 06 06 06 06 06 06 06 

35  (Chord: 41564156)
00 00 00 00 00 00 00 00 74 74 74 00 76 76 76 00 76 76 76 76 74 74 74 00 72 72 74 74 76 76 76 76 00 00 00 00 00 00 00 00 72 72 74 74 76 76 76 76 76 76 74 74 74 00 72 72 72 00 71 71 71 00 69 69 69 69 00 00 00 00 00 00 74 74 76 76 76 76 76 76 76 76 74 74 74 74 72 72 72 72 74 74 76 76 74 74 74 00 67 67 67 67 67 00 72 72 74 74 76 76 74 74 74 00 67 67 67 67 72 72 72 72 74 74 74 00 72 72 
04 04 04 04 04 04 04 04 04 04 04 04 04 04 04 04 01 01 01 01 01 01 01 01 01 01 01 01 01 01 01 01 05 05 05 05 05 05 05 05 05 05 05 05 05 05 05 05 06 06 06 06 06 06 06 06 06 06 06 06 06 06 06 06 04 04 04 04 04 04 04 04 04 04 04 04 04 04 04 04 01 01 01 01 01 01 01 01 01 01 01 01 01 01 01 01 05 05 05 05 05 05 05 05 05 05 05 05 05 05 05 05 06 06 06 06 06 06 06 06 06 06 06 06 06 06 06 06 

36  (Chord: 41564156)
72 72 72 00 67 67 72 72 72 00 67 67 72 72 67 67 72 72 72 00 74 74 76 76 76 76 76 76 76 74 72 72 74 74 74 74 72 72 74 74 74 00 67 67 76 74 72 72 69 69 69 00 67 67 69 69 69 69 67 67 67 69 72 72 72 72 72 00 67 67 72 72 72 72 67 67 67 69 72 72 72 72 72 00 79 79 76 76 76 76 76 76 76 74 72 72 74 74 74 00 72 72 74 74 74 00 67 67 76 74 72 72 69 69 69 69 67 67 69 69 69 00 00 00 00 00 00 00 
04 04 04 04 04 04 04 04 04 04 04 04 04 04 04 04 01 01 01 01 01 01 01 01 01 01 01 01 01 01 01 01 05 05 05 05 05 05 05 05 05 05 05 05 05 05 05 05 06 06 06 06 06 06 06 06 06 06 06 06 06 06 06 06 04 04 04 04 04 04 04 04 04 04 04 04 04 04 04 04 01 01 01 01 01 01 01 01 01 01 01 01 01 01 01 01 05 05 05 05 05 05 05 05 05 05 05 05 05 05 05 05 06 06 06 06 06 06 06 06 06 06 06 06 06 06 06 06 

37  (Chord: 45364536)
69 69 69 69 67 67 69 69 69 69 69 69 72 72 72 72 71 71 71 71 69 69 69 69 69 69 69 69 67 67 67 67 64 64 64 64 67 67 64 64 64 64 64 64 69 69 71 71 72 72 72 72 72 72 72 72 72 72 00 00 64 64 64 64 69 69 69 69 69 69 69 69 69 69 69 69 74 74 74 74 72 72 72 72 71 71 71 71 71 71 71 71 67 67 67 67 67 67 67 67 69 69 69 69 69 69 69 69 69 69 69 69 69 69 69 69 69 69 69 69 69 69 69 69 69 69 00 00 
04 04 04 04 04 04 04 04 04 04 04 04 04 04 04 04 05 05 05 05 05 05 05 05 05 05 05 05 05 05 05 05 03 03 03 03 03 03 03 03 03 03 03 03 03 03 03 03 06 06 06 06 06 06 06 06 06 06 06 06 06 06 06 06 04 04 04 04 04 04 04 04 04 04 04 04 04 04 04 04 05 05 05 05 05 05 05 05 05 05 05 05 05 05 05 05 03 03 03 03 03 03 03 03 03 03 03 03 03 03 03 03 06 06 06 06 06 06 06 06 06 06 06 06 06 06 06 06 

38  (Chord: 45364536)
81 81 81 81 81 81 81 81 81 81 81 81 81 00 00 00 79 79 79 79 79 79 79 79 79 79 00 00 74 74 74 00 74 74 74 00 79 79 79 00 71 71 71 00 72 72 72 00 69 69 69 69 69 69 69 69 69 69 00 00 67 67 67 00 69 69 69 00 72 72 72 00 69 69 69 69 69 69 69 69 69 69 00 00 72 72 72 00 69 69 00 00 67 67 67 67 67 67 00 00 69 69 69 00 69 69 69 69 69 69 69 69 69 69 69 69 69 00 00 00 00 00 00 00 00 00 00 00 
04 04 04 04 04 04 04 04 04 04 04 04 04 04 04 04 05 05 05 05 05 05 05 05 05 05 05 05 05 05 05 05 03 03 03 03 03 03 03 03 03 03 03 03 03 03 03 03 06 06 06 06 06 06 06 06 06 06 06 06 06 06 06 06 04 04 04 04 04 04 04 04 04 04 04 04 04 04 04 04 05 05 05 05 05 05 05 05 05 05 05 05 05 05 05 05 03 03 03 03 03 03 03 03 03 03 03 03 03 03 03 03 06 06 06 06 06 06 06 06 06 06 06 06 06 06 06 06 

39  (Chord: 45364536)
69 69 69 69 67 67 69 69 69 69 69 69 74 74 74 74 74 74 74 00 76 76 74 74 74 74 74 00 72 72 74 74 76 76 76 76 74 74 76 76 76 76 76 76 72 72 72 72 69 69 69 69 69 69 69 69 69 69 69 69 67 67 69 69 72 72 72 72 72 72 72 72 72 72 72 72 67 67 69 69 71 71 71 71 71 71 71 71 72 72 71 71 69 69 67 67 69 69 69 69 69 69 69 69 69 69 69 69 69 69 69 69 72 72 72 72 76 76 76 76 76 76 76 76 74 74 76 76 
04 04 04 04 04 04 04 04 04 04 04 04 04 04 04 04 05 05 05 05 05 05 05 05 05 05 05 05 05 05 05 05 03 03 03 03 03 03 03 03 03 03 03 03 03 03 03 03 06 06 06 06 06 06 06 06 06 06 06 06 06 06 06 06 04 04 04 04 04 04 04 04 04 04 04 04 04 04 04 04 05 05 05 05 05 05 05 05 05 05 05 05 05 05 05 05 03 03 03 03 03 03 03 03 03 03 03 03 03 03 03 03 06 06 06 06 06 06 06 06 06 06 06 06 06 06 06 06 

40  (Chord: 45364536)
69 69 69 69 67 67 69 69 69 69 00 00 76 76 76 76 74 74 74 74 79 79 74 74 74 74 74 00 72 72 71 71 72 72 72 72 71 71 72 72 72 72 72 72 74 74 74 74 76 76 76 76 76 76 00 00 74 74 74 74 76 76 76 76 74 74 74 72 72 00 69 69 69 69 69 69 69 69 00 00 71 71 71 71 74 74 71 71 71 71 71 71 67 67 67 67 69 69 69 69 69 69 69 69 69 69 69 69 69 69 69 69 00 00 00 00 00 00 00 00 00 00 00 00 00 00 00 00 
04 04 04 04 04 04 04 04 04 04 04 04 04 04 04 04 05 05 05 05 05 05 05 05 05 05 05 05 05 05 05 05 03 03 03 03 03 03 03 03 03 03 03 03 03 03 03 03 06 06 06 06 06 06 06 06 06 06 06 06 06 06 06 06 04 04 04 04 04 04 04 04 04 04 04 04 04 04 04 04 05 05 05 05 05 05 05 05 05 05 05 05 05 05 05 05 03 03 03 03 03 03 03 03 03 03 03 03 03 03 03 03 06 06 06 06 06 06 06 06 06 06 06 06 06 06 06 06 

41  (Chord: 45364536)
72 72 72 72 72 72 69 69 69 69 69 69 67 67 69 69 64 64 64 64 64 00 62 62 62 62 00 00 62 62 64 64 71 71 71 71 71 71 67 67 67 67 67 67 62 62 64 64 62 62 62 62 62 00 60 60 60 60 00 00 57 57 60 60 62 62 62 64 64 64 62 62 60 60 60 62 62 00 62 62 62 62 62 60 60 60 62 62 62 62 62 62 67 67 67 67 64 64 64 64 64 64 64 64 64 64 64 64 64 64 64 64 64 64 64 64 64 64 64 00 00 00 00 00 00 00 00 00 
04 04 04 04 04 04 04 04 04 04 04 04 04 04 04 04 05 05 05 05 05 05 05 05 05 05 05 05 05 05 05 05 03 03 03 03 03 03 03 03 03 03 03 03 03 03 03 03 06 06 06 06 06 06 06 06 06 06 06 06 06 06 06 06 04 04 04 04 04 04 04 04 04 04 04 04 04 04 04 04 05 05 05 05 05 05 05 05 05 05 05 05 05 05 05 05 03 03 03 03 03 03 03 03 03 03 03 03 03 03 03 03 06 06 06 06 06 06 06 06 06 06 06 06 06 06 06 06 

42  (Chord: 45364536)
69 69 69 69 69 69 69 69 69 69 69 69 60 60 64 64 64 64 62 62 62 62 62 62 62 62 60 60 62 62 64 64 67 67 67 67 67 00 67 67 67 67 67 67 55 55 62 62 62 62 60 60 60 60 60 60 60 60 59 59 60 60 62 62 64 64 64 64 64 64 62 60 62 62 62 62 62 00 00 00 64 64 64 00 64 64 64 00 64 64 64 62 62 62 60 60 64 64 64 64 64 64 64 64 64 64 64 64 62 62 64 64 64 64 67 67 67 67 67 67 67 67 67 67 00 00 00 00 
04 04 04 04 04 04 04 04 04 04 04 04 04 04 04 04 05 05 05 05 05 05 05 05 05 05 05 05 05 05 05 05 03 03 03 03 03 03 03 03 03 03 03 03 03 03 03 03 06 06 06 06 06 06 06 06 06 06 06 06 06 06 06 06 04 04 04 04 04 04 04 04 04 04 04 04 04 04 04 04 05 05 05 05 05 05 05 05 05 05 05 05 05 05 05 05 03 03 03 03 03 03 03 03 03 03 03 03 03 03 03 03 06 06 06 06 06 06 06 06 06 06 06 06 06 06 06 06 

43  (Chord: 45364536)
79 79 79 79 79 79 76 76 76 76 76 76 69 69 69 69 74 74 74 74 74 00 00 00 74 74 74 00 72 72 72 00 71 71 71 71 67 67 67 67 74 74 74 74 76 76 76 76 72 72 72 72 72 72 72 00 72 72 72 72 74 74 74 00 76 76 76 76 76 00 74 74 74 74 74 74 72 72 72 72 74 74 74 74 72 72 72 72 79 79 79 79 81 81 81 81 76 76 76 76 76 76 76 76 76 76 76 76 76 00 00 00 00 00 00 00 00 00 00 00 00 00 00 00 00 00 00 00 
04 04 04 04 04 04 04 04 04 04 04 04 04 04 04 04 05 05 05 05 05 05 05 05 05 05 05 05 05 05 05 05 03 03 03 03 03 03 03 03 03 03 03 03 03 03 03 03 06 06 06 06 06 06 06 06 06 06 06 06 06 06 06 06 04 04 04 04 04 04 04 04 04 04 04 04 04 04 04 04 05 05 05 05 05 05 05 05 05 05 05 05 05 05 05 05 03 03 03 03 03 03 03 03 03 03 03 03 03 03 03 03 06 06 06 06 06 06 06 06 06 06 06 06 06 06 06 06 

44  (Chord: 15634125)
00 00 00 00 72 72 72 72 72 72 79 79 79 79 74 74 74 74 74 74 74 74 74 74 74 74 72 72 71 71 72 72 72 00 72 72 72 72 72 72 72 72 72 72 72 72 72 72 71 71 71 71 79 79 79 00 71 71 71 71 79 79 79 00 79 79 79 79 79 79 79 79 79 79 72 72 74 74 72 72 72 72 72 72 72 72 67 67 67 67 76 76 76 76 76 00 77 77 77 77 77 77 77 77 76 76 77 77 79 79 74 74 74 74 74 74 74 74 72 72 71 71 71 71 71 71 00 00 
01 01 01 01 01 01 01 01 01 01 01 01 01 01 01 01 05 05 05 05 05 05 05 05 05 05 05 05 05 05 05 05 06 06 06 06 06 06 06 06 06 06 06 06 06 06 06 06 03 03 03 03 03 03 03 03 03 03 03 03 03 03 03 03 04 04 04 04 04 04 04 04 04 04 04 04 04 04 04 04 01 01 01 01 01 01 01 01 01 01 01 01 01 01 01 01 02 02 02 02 02 02 02 02 02 02 02 02 02 02 02 02 05 05 05 05 05 05 05 05 05 05 05 05 05 05 05 05 

45  (Chord: 15634125)
00 00 76 76 76 76 76 76 76 00 79 79 79 79 76 76 74 74 79 79 79 79 79 79 79 79 79 79 81 81 83 83 84 84 84 84 84 84 84 84 84 84 84 83 83 83 83 83 79 79 79 00 76 76 76 76 76 76 79 79 79 00 76 76 79 79 79 79 81 81 81 81 81 81 79 79 81 81 79 79 79 79 79 79 72 72 72 72 72 72 00 00 69 69 72 72 76 76 74 74 74 74 72 72 72 72 72 69 69 00 76 76 74 74 74 74 74 74 74 00 74 74 74 74 76 76 79 79 
01 01 01 01 01 01 01 01 01 01 01 01 01 01 01 01 05 05 05 05 05 05 05 05 05 05 05 05 05 05 05 05 06 06 06 06 06 06 06 06 06 06 06 06 06 06 06 06 03 03 03 03 03 03 03 03 03 03 03 03 03 03 03 03 04 04 04 04 04 04 04 04 04 04 04 04 04 04 04 04 01 01 01 01 01 01 01 01 01 01 01 01 01 01 01 01 02 02 02 02 02 02 02 02 02 02 02 02 02 02 02 02 05 05 05 05 05 05 05 05 05 05 05 05 05 05 05 05 

46  (Chord: 15634125)
79 79 79 00 00 00 79 79 79 79 77 77 76 76 76 00 74 74 74 74 74 74 74 74 74 74 74 00 76 76 74 74 74 74 72 72 72 00 00 00 84 84 84 00 76 76 79 79 79 79 81 81 81 81 79 79 79 79 79 79 79 00 00 00 81 81 81 81 84 84 84 84 84 84 84 84 84 84 86 86 83 83 83 83 81 81 79 79 79 79 79 79 79 79 00 00 77 77 77 77 77 77 76 76 76 76 76 76 72 72 72 72 74 74 74 74 74 74 74 74 74 74 00 00 00 00 00 00 
01 01 01 01 01 01 01 01 01 01 01 01 01 01 01 01 05 05 05 05 05 05 05 05 05 05 05 05 05 05 05 05 06 06 06 06 06 06 06 06 06 06 06 06 06 06 06 06 03 03 03 03 03 03 03 03 03 03 03 03 03 03 03 03 04 04 04 04 04 04 04 04 04 04 04 04 04 04 04 04 01 01 01 01 01 01 01 01 01 01 01 01 01 01 01 01 02 02 02 02 02 02 02 02 02 02 02 02 02 02 02 02 05 05 05 05 05 05 05 05 05 05 05 05 05 05 05 05 

47  (Chord: 15634125)
84 84 84 00 76 76 76 00 76 76 76 76 74 74 72 72 79 79 72 72 72 72 74 74 74 00 74 74 74 74 72 72 76 76 76 00 84 84 84 84 84 84 84 84 81 81 79 79 81 81 79 79 79 00 79 79 79 79 79 79 79 79 76 76 81 81 81 81 81 81 81 81 81 81 81 81 79 79 76 76 79 79 79 79 79 00 76 76 76 76 76 76 74 74 72 72 74 74 74 00 81 81 81 00 81 81 81 81 81 81 79 79 79 79 79 79 79 79 79 79 79 00 00 00 00 00 00 00 
01 01 01 01 01 01 01 01 01 01 01 01 01 01 01 01 05 05 05 05 05 05 05 05 05 05 05 05 05 05 05 05 06 06 06 06 06 06 06 06 06 06 06 06 06 06 06 06 03 03 03 03 03 03 03 03 03 03 03 03 03 03 03 03 04 04 04 04 04 04 04 04 04 04 04 04 04 04 04 04 01 01 01 01 01 01 01 01 01 01 01 01 01 01 01 01 02 02 02 02 02 02 02 02 02 02 02 02 02 02 02 02 05 05 05 05 05 05 05 05 05 05 05 05 05 05 05 05 

48  (Chord: 15634125)
81 81 81 79 79 79 79 00 79 79 81 81 84 84 83 83 81 81 81 79 79 79 00 00 79 79 81 81 84 84 83 83 81 81 81 79 79 79 79 79 79 79 79 79 79 79 74 74 76 76 76 76 00 00 76 76 74 74 76 76 79 79 76 76 74 74 74 72 72 72 72 72 72 72 69 69 81 81 83 83 81 81 81 79 79 79 79 79 00 00 00 00 76 76 79 79 77 77 77 77 77 77 76 76 77 77 77 84 84 84 72 72 74 74 74 74 74 00 79 79 79 79 81 81 84 84 83 83 
01 01 01 01 01 01 01 01 01 01 01 01 01 01 01 01 05 05 05 05 05 05 05 05 05 05 05 05 05 05 05 05 06 06 06 06 06 06 06 06 06 06 06 06 06 06 06 06 03 03 03 03 03 03 03 03 03 03 03 03 03 03 03 03 04 04 04 04 04 04 04 04 04 04 04 04 04 04 04 04 01 01 01 01 01 01 01 01 01 01 01 01 01 01 01 01 02 02 02 02 02 02 02 02 02 02 02 02 02 02 02 02 05 05 05 05 05 05 05 05 05 05 05 05 05 05 05 05 

49  (Chord: 15634125)
84 84 83 83 81 81 79 79 79 79 79 00 79 79 76 76 79 79 79 79 79 79 81 81 81 81 79 79 76 76 79 79 84 84 83 83 81 81 79 79 79 79 79 00 79 79 76 76 79 79 79 79 79 79 74 74 74 74 76 76 76 76 00 00 74 74 74 74 76 76 69 69 69 00 76 76 76 76 00 00 74 74 74 00 76 76 67 67 67 00 76 76 76 76 00 00 74 74 72 72 72 72 69 69 72 72 72 00 74 74 79 79 79 00 74 74 74 74 00 00 00 00 00 00 00 00 00 00 
01 01 01 01 01 01 01 01 01 01 01 01 01 01 01 01 05 05 05 05 05 05 05 05 05 05 05 05 05 05 05 05 06 06 06 06 06 06 06 06 06 06 06 06 06 06 06 06 03 03 03 03 03 03 03 03 03 03 03 03 03 03 03 03 04 04 04 04 04 04 04 04 04 04 04 04 04 04 04 04 01 01 01 01 01 01 01 01 01 01 01 01 01 01 01 01 02 02 02 02 02 02 02 02 02 02 02 02 02 02 02 02 05 05 05 05 05 05 05 05 05 05 05 05 05 05 05 05 

50  (Chord: 34153415)
74 74 72 72 72 72 74 74 74 74 00 00 72 72 74 74 74 74 74 00 76 76 76 76 76 76 76 76 00 00 00 00 72 72 69 69 69 00 72 72 72 72 72 72 69 69 72 72 72 72 00 00 67 67 67 67 67 67 00 00 00 00 00 00 74 74 72 72 72 00 74 74 74 74 74 00 74 74 72 72 74 74 76 76 76 76 76 76 76 76 74 74 72 72 72 72 72 72 72 72 72 00 67 67 76 76 74 74 72 72 72 72 72 72 72 72 72 72 00 00 00 00 00 00 00 00 00 00 
03 03 03 03 03 03 03 03 03 03 03 03 03 03 03 03 04 04 04 04 04 04 04 04 04 04 04 04 04 04 04 04 01 01 01 01 01 01 01 01 01 01 01 01 01 01 01 01 05 05 05 05 05 05 05 05 05 05 05 05 05 05 05 05 03 03 03 03 03 03 03 03 03 03 03 03 03 03 03 03 04 04 04 04 04 04 04 04 04 04 04 04 04 04 04 04 01 01 01 01 01 01 01 01 01 01 01 01 01 01 01 01 05 05 05 05 05 05 05 05 05 05 05 05 05 05 05 05 

51  (Chord: 34153415)
72 72 72 72 72 00 72 72 72 72 00 00 72 72 72 72 00 00 00 00 74 74 76 76 74 74 72 72 67 67 00 00 72 72 72 00 00 00 72 72 72 00 00 00 72 72 72 00 00 00 00 00 74 74 76 76 74 74 72 72 67 67 00 00 72 72 72 72 00 00 72 72 72 00 00 00 72 72 72 72 00 00 00 00 74 74 76 76 74 74 72 72 67 67 00 00 81 81 81 81 00 00 79 79 79 00 00 00 76 76 76 00 00 00 00 00 74 74 76 76 74 74 72 72 67 67 67 00 
03 03 03 03 03 03 03 03 03 03 03 03 03 03 03 03 04 04 04 04 04 04 04 04 04 04 04 04 04 04 04 04 01 01 01 01 01 01 01 01 01 01 01 01 01 01 01 01 05 05 05 05 05 05 05 05 05 05 05 05 05 05 05 05 03 03 03 03 03 03 03 03 03 03 03 03 03 03 03 03 04 04 04 04 04 04 04 04 04 04 04 04 04 04 04 04 01 01 01 01 01 01 01 01 01 01 01 01 01 01 01 01 05 05 05 05 05 05 05 05 05 05 05 05 05 05 05 05 

52  (Chord: 34153415)
00 00 00 00 76 76 79 79 79 79 79 79 76 79 79 79 81 81 81 76 76 76 76 00 74 74 72 72 72 72 72 72 00 00 00 00 00 00 67 76 76 76 76 76 76 76 74 74 74 74 74 74 74 74 74 74 00 00 00 72 72 72 74 74 76 76 76 00 76 76 79 79 79 79 79 00 76 79 79 81 81 81 81 00 76 76 76 74 74 72 72 72 72 72 00 00 84 84 84 84 84 00 86 86 86 86 00 83 83 83 83 79 79 79 79 79 79 79 79 81 81 81 76 76 76 00 76 76 
03 03 03 03 03 03 03 03 03 03 03 03 03 03 03 03 04 04 04 04 04 04 04 04 04 04 04 04 04 04 04 04 01 01 01 01 01 01 01 01 01 01 01 01 01 01 01 01 05 05 05 05 05 05 05 05 05 05 05 05 05 05 05 05 03 03 03 03 03 03 03 03 03 03 03 03 03 03 03 03 04 04 04 04 04 04 04 04 04 04 04 04 04 04 04 04 01 01 01 01 01 01 01 01 01 01 01 01 01 01 01 01 05 05 05 05 05 05 05 05 05 05 05 05 05 05 05 05 

53  (Chord: 34153415)
76 76 76 76 76 76 79 79 79 79 79 00 76 76 79 79 81 81 81 72 72 72 72 72 72 72 72 00 72 72 74 74 76 76 76 76 76 00 76 76 76 76 76 00 72 72 72 00 74 74 00 79 79 79 79 79 79 79 79 00 72 72 74 74 76 76 76 76 76 00 79 79 79 79 79 00 76 76 79 79 81 81 81 72 72 72 72 72 72 72 72 00 76 76 79 79 84 84 84 84 84 84 86 86 86 86 00 00 83 83 83 83 00 00 00 79 79 79 79 79 81 81 81 76 76 00 76 76 
03 03 03 03 03 03 03 03 03 03 03 03 03 03 03 03 04 04 04 04 04 04 04 04 04 04 04 04 04 04 04 04 01 01 01 01 01 01 01 01 01 01 01 01 01 01 01 01 05 05 05 05 05 05 05 05 05 05 05 05 05 05 05 05 03 03 03 03 03 03 03 03 03 03 03 03 03 03 03 03 04 04 04 04 04 04 04 04 04 04 04 04 04 04 04 04 01 01 01 01 01 01 01 01 01 01 01 01 01 01 01 01 05 05 05 05 05 05 05 05 05 05 05 05 05 05 05 05 

54  (Chord: 34153415)
74 74 74 74 74 72 72 72 72 00 00 72 72 72 00 00 79 79 00 79 79 00 79 81 81 81 76 76 76 00 76 76 74 74 74 74 74 00 72 72 72 00 67 67 74 74 74 77 77 77 77 77 77 77 77 77 77 77 77 76 76 76 74 74 74 74 74 74 74 00 72 72 72 72 00 00 69 69 67 67 67 67 67 67 67 67 67 67 67 67 67 67 67 67 67 74 74 74 76 76 76 76 76 76 76 76 76 76 76 76 76 76 76 00 74 74 74 74 74 00 81 81 76 76 76 76 76 76 
03 03 03 03 03 03 03 03 03 03 03 03 03 03 03 03 04 04 04 04 04 04 04 04 04 04 04 04 04 04 04 04 01 01 01 01 01 01 01 01 01 01 01 01 01 01 01 01 05 05 05 05 05 05 05 05 05 05 05 05 05 05 05 05 03 03 03 03 03 03 03 03 03 03 03 03 03 03 03 03 04 04 04 04 04 04 04 04 04 04 04 04 04 04 04 04 01 01 01 01 01 01 01 01 01 01 01 01 01 01 01 01 05 05 05 05 05 05 05 05 05 05 05 05 05 05 05 05 

55  (Chord: 45362511)
76 76 72 72 72 72 69 69 69 69 65 65 65 65 76 76 76 76 77 77 76 76 74 74 74 74 74 74 74 00 00 00 74 74 71 71 71 71 71 71 71 71 67 67 67 67 74 74 74 74 72 72 71 71 72 72 72 72 72 00 72 72 74 74 81 81 81 81 76 76 74 74 74 74 74 74 74 00 00 00 71 71 71 71 72 72 74 74 74 74 74 74 72 72 72 72 76 76 76 76 76 76 76 76 76 76 76 76 74 74 72 72 71 71 71 71 71 71 00 00 00 00 00 00 00 00 00 00 
04 04 04 04 04 04 04 04 04 04 04 04 04 04 04 04 05 05 05 05 05 05 05 05 05 05 05 05 05 05 05 05 03 03 03 03 03 03 03 03 03 03 03 03 03 03 03 03 06 06 06 06 06 06 06 06 06 06 06 06 06 06 06 06 02 02 02 02 02 02 02 02 02 02 02 02 02 02 02 02 05 05 05 05 05 05 05 05 05 05 05 05 05 05 05 05 01 01 01 01 01 01 01 01 01 01 01 01 01 01 01 01 01 01 01 01 01 01 01 01 01 01 01 01 01 01 01 01 

56  (Chord: 45362511)
74 74 76 76 69 69 72 72 74 74 74 74 72 72 74 74 74 74 74 00 76 76 79 79 79 00 00 00 79 79 76 76 74 74 76 76 67 67 72 72 74 74 74 74 72 72 74 74 74 74 76 76 79 79 76 76 76 76 76 00 74 74 76 76 79 79 81 81 76 76 79 79 74 74 74 76 76 76 69 69 74 74 74 74 74 00 72 72 74 74 74 74 67 67 74 74 74 74 76 76 76 76 76 76 76 76 72 72 74 74 76 76 76 76 76 76 76 76 76 00 79 79 79 79 76 76 76 00 
04 04 04 04 04 04 04 04 04 04 04 04 04 04 04 04 05 05 05 05 05 05 05 05 05 05 05 05 05 05 05 05 03 03 03 03 03 03 03 03 03 03 03 03 03 03 03 03 06 06 06 06 06 06 06 06 06 06 06 06 06 06 06 06 02 02 02 02 02 02 02 02 02 02 02 02 02 02 02 02 05 05 05 05 05 05 05 05 05 05 05 05 05 05 05 05 01 01 01 01 01 01 01 01 01 01 01 01 01 01 01 01 01 01 01 01 01 01 01 01 01 01 01 01 01 01 01 01 

57  (Chord: 45362511)
76 76 69 69 69 69 69 69 69 69 71 71 72 72 71 71 71 71 71 71 71 71 79 79 79 79 77 77 76 76 77 77 79 79 71 71 71 71 71 71 71 71 72 72 74 74 72 72 72 72 72 72 72 00 76 76 77 77 76 76 77 77 76 76 77 77 69 69 69 69 69 69 69 69 71 71 72 72 71 71 71 71 71 71 71 71 72 72 74 74 72 72 74 74 72 72 74 74 72 72 74 74 72 72 74 74 72 72 74 74 77 77 77 77 76 76 76 76 76 76 76 76 00 00 00 00 00 00 
04 04 04 04 04 04 04 04 04 04 04 04 04 04 04 04 05 05 05 05 05 05 05 05 05 05 05 05 05 05 05 05 03 03 03 03 03 03 03 03 03 03 03 03 03 03 03 03 06 06 06 06 06 06 06 06 06 06 06 06 06 06 06 06 02 02 02 02 02 02 02 02 02 02 02 02 02 02 02 02 05 05 05 05 05 05 05 05 05 05 05 05 05 05 05 05 01 01 01 01 01 01 01 01 01 01 01 01 01 01 01 01 01 01 01 01 01 01 01 01 01 01 01 01 01 01 01 01 

58  (Chord: 45362511)
72 72 72 72 72 00 67 67 67 67 67 00 72 72 74 74 74 74 74 74 74 74 76 76 76 76 76 76 72 72 72 00 79 79 79 79 79 79 83 83 83 83 83 83 84 84 83 83 83 83 83 83 79 79 79 79 79 79 79 79 72 72 72 72 74 74 74 74 74 74 72 72 72 72 00 00 67 67 67 00 77 77 77 77 77 77 76 76 76 76 76 76 67 67 67 67 74 74 74 74 74 74 72 72 72 72 00 00 74 74 74 74 76 76 76 76 76 76 00 00 00 00 00 00 00 00 00 00 
04 04 04 04 04 04 04 04 04 04 04 04 04 04 04 04 05 05 05 05 05 05 05 05 05 05 05 05 05 05 05 05 03 03 03 03 03 03 03 03 03 03 03 03 03 03 03 03 06 06 06 06 06 06 06 06 06 06 06 06 06 06 06 06 02 02 02 02 02 02 02 02 02 02 02 02 02 02 02 02 05 05 05 05 05 05 05 05 05 05 05 05 05 05 05 05 01 01 01 01 01 01 01 01 01 01 01 01 01 01 01 01 01 01 01 01 01 01 01 01 01 01 01 01 01 01 01 01 

59  (Chord: 45362511)
79 79 79 79 72 72 72 72 72 00 67 67 67 00 74 74 74 74 74 74 74 74 72 72 72 00 67 67 67 67 00 00 77 77 77 77 76 76 74 74 74 74 74 74 76 76 74 74 74 74 72 72 72 72 72 00 72 72 72 72 67 67 67 00 81 81 81 81 79 79 79 79 79 00 72 72 72 72 00 00 74 74 74 74 67 67 72 72 72 72 72 00 77 77 77 77 76 76 76 76 76 76 76 76 76 76 77 77 76 76 74 74 76 76 76 76 76 76 76 76 76 76 76 00 00 00 00 00 
04 04 04 04 04 04 04 04 04 04 04 04 04 04 04 04 05 05 05 05 05 05 05 05 05 05 05 05 05 05 05 05 03 03 03 03 03 03 03 03 03 03 03 03 03 03 03 03 06 06 06 06 06 06 06 06 06 06 06 06 06 06 06 06 02 02 02 02 02 02 02 02 02 02 02 02 02 02 02 02 05 05 05 05 05 05 05 05 05 05 05 05 05 05 05 05 01 01 01 01 01 01 01 01 01 01 01 01 01 01 01 01 01 01 01 01 01 01 01 01 01 01 01 01 01 01 01 01 

60  (Chord: 45362511)
81 81 81 81 81 00 81 81 81 81 81 00 79 79 00 00 79 79 76 76 76 00 74 74 74 74 00 00 72 72 74 74 76 76 79 79 79 00 79 79 79 79 79 79 76 76 74 74 74 74 72 72 72 72 72 00 00 00 00 00 00 00 00 00 72 72 72 72 72 00 72 72 72 72 72 72 72 00 72 72 72 72 69 69 67 67 74 74 74 74 00 00 72 72 74 74 76 76 76 76 76 76 72 72 72 72 72 72 77 77 77 77 77 77 76 76 76 76 76 76 00 00 00 00 00 00 00 00 
04 04 04 04 04 04 04 04 04 04 04 04 04 04 04 04 05 05 05 05 05 05 05 05 05 05 05 05 05 05 05 05 03 03 03 03 03 03 03 03 03 03 03 03 03 03 03 03 06 06 06 06 06 06 06 06 06 06 06 06 06 06 06 06 02 02 02 02 02 02 02 02 02 02 02 02 02 02 02 02 05 05 05 05 05 05 05 05 05 05 05 05 05 05 05 05 01 01 01 01 01 01 01 01 01 01 01 01 01 01 01 01 01 01 01 01 01 01 01 01 01 01 01 01 01 01 01 01 

61  (Chord: 45362511)
74 74 76 76 69 69 69 00 74 74 76 76 79 79 76 76 74 74 74 74 74 74 00 00 00 00 79 79 79 79 76 76 74 74 76 76 67 67 67 00 74 74 76 76 79 79 74 74 72 72 72 72 00 00 00 00 00 00 72 72 74 74 76 76 79 79 81 81 79 79 76 76 79 79 76 76 76 76 74 74 74 74 74 00 00 00 00 00 00 00 72 72 74 74 72 72 74 74 74 00 72 72 74 74 74 74 76 76 76 00 79 79 79 79 76 76 76 76 76 00 00 00 79 79 79 79 76 76 
04 04 04 04 04 04 04 04 04 04 04 04 04 04 04 04 05 05 05 05 05 05 05 05 05 05 05 05 05 05 05 05 03 03 03 03 03 03 03 03 03 03 03 03 03 03 03 03 06 06 06 06 06 06 06 06 06 06 06 06 06 06 06 06 02 02 02 02 02 02 02 02 02 02 02 02 02 02 02 02 05 05 05 05 05 05 05 05 05 05 05 05 05 05 05 05 01 01 01 01 01 01 01 01 01 01 01 01 01 01 01 01 01 01 01 01 01 01 01 01 01 01 01 01 01 01 01 01 

62  (Chord: 45362511)
69 69 69 00 74 74 74 74 74 74 74 74 74 74 74 74 74 74 74 74 00 00 00 00 74 74 76 76 74 74 72 72 67 67 67 00 74 74 74 74 74 74 74 00 71 71 72 72 72 72 72 72 72 00 00 00 00 00 00 00 72 72 74 74 76 76 76 76 77 77 77 77 77 00 69 69 69 69 00 00 72 72 72 72 71 71 71 00 69 69 69 00 71 71 69 69 69 69 67 67 67 67 67 67 67 67 67 67 00 00 00 00 00 00 00 00 00 00 00 00 74 74 76 76 74 74 72 72 
04 04 04 04 04 04 04 04 04 04 04 04 04 04 04 04 05 05 05 05 05 05 05 05 05 05 05 05 05 05 05 05 03 03 03 03 03 03 03 03 03 03 03 03 03 03 03 03 06 06 06 06 06 06 06 06 06 06 06 06 06 06 06 06 02 02 02 02 02 02 02 02 02 02 02 02 02 02 02 02 05 05 05 05 05 05 05 05 05 05 05 05 05 05 05 05 01 01 01 01 01 01 01 01 01 01 01 01 01 01 01 01 01 01 01 01 01 01 01 01 01 01 01 01 01 01 01 01 

63  (Chord: 45164516)
81 81 81 81 81 81 79 79 79 79 79 79 79 79 72 72 74 74 76 76 72 72 74 74 74 74 72 72 72 72 72 72 00 00 67 67 69 69 72 72 74 74 74 00 76 76 79 79 74 74 76 76 72 72 74 74 74 74 72 72 72 72 72 00 81 81 81 81 81 00 79 79 79 79 79 79 79 00 72 72 74 74 76 76 72 72 74 74 74 00 72 72 72 72 72 72 00 00 67 67 69 69 72 72 74 74 74 74 76 76 74 74 00 00 76 76 79 79 83 83 00 00 84 84 83 83 79 79 
04 04 04 04 04 04 04 04 04 04 04 04 04 04 04 04 05 05 05 05 05 05 05 05 05 05 05 05 05 05 05 05 01 01 01 01 01 01 01 01 01 01 01 01 01 01 01 01 06 06 06 06 06 06 06 06 06 06 06 06 06 06 06 06 04 04 04 04 04 04 04 04 04 04 04 04 04 04 04 04 05 05 05 05 05 05 05 05 05 05 05 05 05 05 05 05 01 01 01 01 01 01 01 01 01 01 01 01 01 01 01 01 06 06 06 06 06 06 06 06 06 06 06 06 06 06 06 06 

64  (Chord: 45164516)
76 76 76 00 76 76 74 74 76 76 81 81 72 72 74 74 74 00 67 67 72 72 74 74 00 00 67 67 72 72 74 74 76 76 76 76 76 76 74 74 76 76 79 79 67 67 72 72 72 00 72 72 71 71 72 72 72 00 72 72 71 71 67 67 76 76 76 00 76 76 74 74 76 76 81 81 72 72 74 74 74 00 67 67 72 72 74 74 74 00 67 67 72 72 74 74 76 76 76 76 76 76 74 74 76 76 84 84 83 83 84 84 84 00 84 84 83 83 84 84 84 00 84 84 83 83 79 79 
04 04 04 04 04 04 04 04 04 04 04 04 04 04 04 04 05 05 05 05 05 05 05 05 05 05 05 05 05 05 05 05 01 01 01 01 01 01 01 01 01 01 01 01 01 01 01 01 06 06 06 06 06 06 06 06 06 06 06 06 06 06 06 06 04 04 04 04 04 04 04 04 04 04 04 04 04 04 04 04 05 05 05 05 05 05 05 05 05 05 05 05 05 05 05 05 01 01 01 01 01 01 01 01 01 01 01 01 01 01 01 01 06 06 06 06 06 06 06 06 06 06 06 06 06 06 06 06 

65  (Chord: 45164516)
72 72 72 72 00 79 79 79 79 00 00 72 72 72 72 00 76 76 00 00 76 76 76 74 74 74 00 72 72 72 00 00 79 79 79 00 79 79 79 00 79 79 79 76 76 79 79 74 74 74 74 76 76 76 76 00 00 00 00 00 72 72 00 00 72 72 72 72 00 00 79 79 79 00 00 00 72 72 72 00 76 76 76 76 76 76 76 74 74 74 74 72 72 72 00 79 79 79 79 00 79 79 79 79 79 79 79 00 76 76 79 74 74 74 74 76 76 76 76 00 00 00 00 72 72 72 00 00 
04 04 04 04 04 04 04 04 04 04 04 04 04 04 04 04 05 05 05 05 05 05 05 05 05 05 05 05 05 05 05 05 01 01 01 01 01 01 01 01 01 01 01 01 01 01 01 01 06 06 06 06 06 06 06 06 06 06 06 06 06 06 06 06 04 04 04 04 04 04 04 04 04 04 04 04 04 04 04 04 05 05 05 05 05 05 05 05 05 05 05 05 05 05 05 05 01 01 01 01 01 01 01 01 01 01 01 01 01 01 01 01 06 06 06 06 06 06 06 06 06 06 06 06 06 06 06 06 

66  (Chord: 45164516)
76 76 74 74 76 76 81 81 81 00 67 67 69 69 72 72 74 74 72 72 74 74 76 76 76 00 67 67 69 69 72 72 74 74 72 72 74 74 76 76 76 76 76 76 74 74 72 72 71 71 71 72 71 71 67 67 67 00 67 67 69 69 72 72 76 76 74 74 76 76 81 81 81 00 67 67 69 69 72 72 74 74 72 72 74 74 76 76 76 00 67 67 69 69 72 72 74 74 72 72 74 74 76 76 76 00 84 84 83 83 79 79 74 74 74 76 74 74 72 72 72 00 71 72 71 71 67 67 
04 04 04 04 04 04 04 04 04 04 04 04 04 04 04 04 05 05 05 05 05 05 05 05 05 05 05 05 05 05 05 05 01 01 01 01 01 01 01 01 01 01 01 01 01 01 01 01 06 06 06 06 06 06 06 06 06 06 06 06 06 06 06 06 04 04 04 04 04 04 04 04 04 04 04 04 04 04 04 04 05 05 05 05 05 05 05 05 05 05 05 05 05 05 05 05 01 01 01 01 01 01 01 01 01 01 01 01 01 01 01 01 06 06 06 06 06 06 06 06 06 06 06 06 06 06 06 06 

67  (Chord: 45164516)
81 81 81 81 00 00 79 79 81 81 81 81 00 00 79 79 74 74 76 76 74 74 72 72 74 74 74 00 74 74 76 76 79 79 79 79 00 00 76 76 79 79 79 00 79 79 81 81 81 81 79 79 79 79 76 76 76 76 76 00 76 76 79 79 81 81 81 81 00 00 79 79 81 81 81 81 00 00 84 84 86 86 88 88 86 86 84 84 86 86 86 86 86 86 88 88 79 79 79 79 00 00 76 76 79 79 76 76 79 79 81 81 81 81 81 81 81 81 84 84 83 83 79 79 76 76 00 00 
04 04 04 04 04 04 04 04 04 04 04 04 04 04 04 04 05 05 05 05 05 05 05 05 05 05 05 05 05 05 05 05 01 01 01 01 01 01 01 01 01 01 01 01 01 01 01 01 06 06 06 06 06 06 06 06 06 06 06 06 06 06 06 06 04 04 04 04 04 04 04 04 04 04 04 04 04 04 04 04 05 05 05 05 05 05 05 05 05 05 05 05 05 05 05 05 01 01 01 01 01 01 01 01 01 01 01 01 01 01 01 01 06 06 06 06 06 06 06 06 06 06 06 06 06 06 06 06 

68  (Chord: 16451645)
76 76 76 76 76 76 76 76 76 76 79 79 79 00 72 72 72 72 72 72 72 72 00 00 00 00 00 00 84 84 79 79 79 79 79 79 79 79 79 79 79 79 00 00 81 81 72 72 72 72 74 74 74 00 76 76 76 00 74 74 74 74 00 00 76 76 76 76 76 00 76 76 76 00 79 79 79 00 72 72 72 72 72 72 72 72 72 72 00 00 00 00 84 84 79 79 79 79 79 79 79 79 79 79 79 79 00 00 81 81 72 72 72 72 74 74 74 74 76 76 76 00 74 74 74 74 00 00 
01 01 01 01 01 01 01 01 01 01 01 01 01 01 01 01 06 06 06 06 06 06 06 06 06 06 06 06 06 06 06 06 04 04 04 04 04 04 04 04 04 04 04 04 04 04 04 04 05 05 05 05 05 05 05 05 05 05 05 05 05 05 05 05 01 01 01 01 01 01 01 01 01 01 01 01 01 01 01 01 06 06 06 06 06 06 06 06 06 06 06 06 06 06 06 06 04 04 04 04 04 04 04 04 04 04 04 04 04 04 04 04 05 05 05 05 05 05 05 05 05 05 05 05 05 05 05 05 

69  (Chord: 16451645)
79 79 79 79 79 79 76 79 79 81 81 76 76 76 74 74 76 76 76 76 76 76 76 76 76 76 74 72 72 72 74 74 72 72 74 74 72 72 74 74 72 72 74 72 72 72 00 67 74 76 76 76 76 76 76 76 76 76 74 74 74 74 74 74 79 79 79 79 79 79 76 79 79 81 81 76 76 76 74 74 76 76 76 76 76 76 76 76 76 76 74 72 72 72 74 74 72 72 74 74 72 72 74 74 72 72 74 72 72 72 67 67 74 76 76 76 76 76 76 76 76 76 74 74 74 74 00 00 
01 01 01 01 01 01 01 01 01 01 01 01 01 01 01 01 06 06 06 06 06 06 06 06 06 06 06 06 06 06 06 06 04 04 04 04 04 04 04 04 04 04 04 04 04 04 04 04 05 05 05 05 05 05 05 05 05 05 05 05 05 05 05 05 01 01 01 01 01 01 01 01 01 01 01 01 01 01 01 01 06 06 06 06 06 06 06 06 06 06 06 06 06 06 06 06 04 04 04 04 04 04 04 04 04 04 04 04 04 04 04 04 05 05 05 05 05 05 05 05 05 05 05 05 05 05 05 05 

70  (Chord: 15641564)
79 79 79 79 79 79 76 76 76 76 74 74 74 74 74 74 72 72 72 72 72 72 67 67 77 77 76 76 74 74 76 76 74 74 72 72 72 72 67 67 74 74 74 74 74 74 76 76 74 74 72 72 72 72 67 67 72 72 74 74 76 76 77 77 76 76 76 76 72 72 72 72 00 00 67 67 76 76 76 00 74 74 74 74 74 74 67 67 77 77 76 76 74 74 76 76 74 74 72 72 72 72 72 72 72 00 72 72 71 71 69 69 69 69 69 69 69 69 67 67 67 67 67 67 67 00 00 00 
01 01 01 01 01 01 01 01 01 01 01 01 01 01 01 01 05 05 05 05 05 05 05 05 05 05 05 05 05 05 05 05 06 06 06 06 06 06 06 06 06 06 06 06 06 06 06 06 04 04 04 04 04 04 04 04 04 04 04 04 04 04 04 04 01 01 01 01 01 01 01 01 01 01 01 01 01 01 01 01 05 05 05 05 05 05 05 05 05 05 05 05 05 05 05 05 06 06 06 06 06 06 06 06 06 06 06 06 06 06 06 06 04 04 04 04 04 04 04 04 04 04 04 04 04 04 04 04 

71  (Chord: 15641564)
76 76 76 76 76 76 76 79 79 72 72 72 72 67 72 74 74 74 74 74 74 74 74 74 77 76 77 76 77 76 72 72 76 76 76 76 76 76 76 79 79 72 72 72 72 67 74 74 72 72 72 72 72 72 72 72 77 76 77 76 77 76 72 72 76 76 76 76 76 76 76 79 79 72 72 72 72 67 72 74 74 74 74 74 74 74 74 74 77 76 77 76 77 76 72 72 76 76 76 76 76 76 76 79 79 72 72 72 72 67 72 74 72 72 72 72 72 72 72 72 77 76 77 76 77 76 72 72 
01 01 01 01 01 01 01 01 01 01 01 01 01 01 01 01 05 05 05 05 05 05 05 05 05 05 05 05 05 05 05 05 06 06 06 06 06 06 06 06 06 06 06 06 06 06 06 06 04 04 04 04 04 04 04 04 04 04 04 04 04 04 04 04 01 01 01 01 01 01 01 01 01 01 01 01 01 01 01 01 05 05 05 05 05 05 05 05 05 05 05 05 05 05 05 05 06 06 06 06 06 06 06 06 06 06 06 06 06 06 06 06 04 04 04 04 04 04 04 04 04 04 04 04 04 04 04 04 

72  (Chord: 15641564)
79 79 79 79 79 00 00 00 79 79 79 79 76 76 76 76 74 74 74 74 74 00 00 00 74 74 74 74 72 72 72 72 79 79 79 79 79 00 00 00 79 79 79 79 76 76 76 76 74 74 74 74 72 72 72 72 69 69 69 69 72 72 72 72 79 79 79 79 00 00 00 00 79 79 79 79 76 76 76 76 74 74 74 74 74 74 00 00 74 74 74 74 72 72 72 72 79 79 79 79 79 79 79 00 79 79 79 79 81 81 81 00 84 84 84 84 84 84 83 83 83 83 83 00 74 74 76 76 
01 01 01 01 01 01 01 01 01 01 01 01 01 01 01 01 05 05 05 05 05 05 05 05 05 05 05 05 05 05 05 05 06 06 06 06 06 06 06 06 06 06 06 06 06 06 06 06 04 04 04 04 04 04 04 04 04 04 04 04 04 04 04 04 01 01 01 01 01 01 01 01 01 01 01 01 01 01 01 01 05 05 05 05 05 05 05 05 05 05 05 05 05 05 05 05 06 06 06 06 06 06 06 06 06 06 06 06 06 06 06 06 04 04 04 04 04 04 04 04 04 04 04 04 04 04 04 04 

73  (Chord: 15641564)
72 72 74 74 76 76 79 79 79 00 84 84 83 83 79 79 74 74 72 72 76 76 79 79 79 00 84 84 83 83 79 79 81 81 79 79 72 72 79 79 79 00 84 84 83 83 79 79 74 74 72 72 76 76 79 79 79 00 83 83 84 84 79 79 72 72 74 74 76 76 79 79 79 00 84 84 83 83 79 79 74 74 72 72 76 76 79 79 79 00 84 84 83 83 79 79 81 81 79 79 72 72 79 79 79 79 84 84 83 83 79 79 74 74 72 72 76 76 79 79 79 00 83 83 84 84 79 79 
01 01 01 01 01 01 01 01 01 01 01 01 01 01 01 01 05 05 05 05 05 05 05 05 05 05 05 05 05 05 05 05 06 06 06 06 06 06 06 06 06 06 06 06 06 06 06 06 04 04 04 04 04 04 04 04 04 04 04 04 04 04 04 04 01 01 01 01 01 01 01 01 01 01 01 01 01 01 01 01 05 05 05 05 05 05 05 05 05 05 05 05 05 05 05 05 06 06 06 06 06 06 06 06 06 06 06 06 06 06 06 06 04 04 04 04 04 04 04 04 04 04 04 04 04 04 04 04 

74  (Chord: 15641564)
72 72 72 72 79 79 72 72 72 72 84 84 83 83 79 79 72 72 72 72 79 79 72 72 72 72 84 84 83 83 79 79 81 81 81 81 79 79 72 72 72 72 72 72 79 79 72 72 81 81 79 79 72 72 79 79 79 79 76 76 79 79 74 74 72 72 72 72 79 79 72 72 72 72 84 84 83 83 79 79 72 72 72 72 79 79 72 72 72 72 84 84 83 83 79 79 81 81 81 81 79 79 72 72 72 72 72 72 79 79 72 72 81 81 79 79 72 72 79 79 79 79 76 76 79 79 74 74 
01 01 01 01 01 01 01 01 01 01 01 01 01 01 01 01 05 05 05 05 05 05 05 05 05 05 05 05 05 05 05 05 06 06 06 06 06 06 06 06 06 06 06 06 06 06 06 06 04 04 04 04 04 04 04 04 04 04 04 04 04 04 04 04 01 01 01 01 01 01 01 01 01 01 01 01 01 01 01 01 05 05 05 05 05 05 05 05 05 05 05 05 05 05 05 05 06 06 06 06 06 06 06 06 06 06 06 06 06 06 06 06 04 04 04 04 04 04 04 04 04 04 04 04 04 04 04 04 

75  (Chord: 45364513)
81 81 77 77 81 81 77 77 81 81 77 77 77 77 88 88 88 88 86 86 84 84 86 86 86 86 83 83 83 83 81 81 79 79 79 79 79 79 76 76 79 79 79 79 79 79 86 86 86 86 84 84 83 83 84 84 84 00 88 88 86 86 84 84 81 81 81 81 81 81 77 77 81 81 77 77 77 00 88 88 88 88 86 86 84 84 86 86 86 86 79 79 84 84 84 84 86 86 86 86 86 86 79 79 79 79 79 79 86 86 86 86 88 88 88 88 88 88 88 00 00 00 00 00 00 00 00 00 
04 04 04 04 04 04 04 04 04 04 04 04 04 04 04 04 05 05 05 05 05 05 05 05 05 05 05 05 05 05 05 05 03 03 03 03 03 03 03 03 03 03 03 03 03 03 03 03 06 06 06 06 06 06 06 06 06 06 06 06 06 06 06 06 04 04 04 04 04 04 04 04 04 04 04 04 04 04 04 04 05 05 05 05 05 05 05 05 05 05 05 05 05 05 05 05 01 01 01 01 01 01 01 01 01 01 01 01 01 01 01 01 03 03 03 03 03 03 03 03 03 03 03 03 03 03 03 03 

76  (Chord: 45364513)
81 81 81 81 79 79 79 00 81 81 81 00 76 76 76 00 74 74 74 74 74 74 74 74 74 74 74 74 00 00 00 00 84 84 84 00 83 83 83 00 79 79 79 00 74 74 74 00 72 72 72 72 72 72 72 72 72 72 00 00 71 71 71 00 69 69 69 00 79 79 79 79 79 79 00 00 69 69 69 00 69 69 69 00 79 79 79 79 79 79 79 00 69 69 00 00 72 72 72 72 67 67 67 00 74 74 74 00 77 77 77 00 76 76 76 76 00 00 00 00 00 00 00 00 00 00 00 00 
04 04 04 04 04 04 04 04 04 04 04 04 04 04 04 04 05 05 05 05 05 05 05 05 05 05 05 05 05 05 05 05 03 03 03 03 03 03 03 03 03 03 03 03 03 03 03 03 06 06 06 06 06 06 06 06 06 06 06 06 06 06 06 06 04 04 04 04 04 04 04 04 04 04 04 04 04 04 04 04 05 05 05 05 05 05 05 05 05 05 05 05 05 05 05 05 01 01 01 01 01 01 01 01 01 01 01 01 01 01 01 01 03 03 03 03 03 03 03 03 03 03 03 03 03 03 03 03 

77  (Chord: 45364513)
69 69 69 69 65 65 65 00 69 69 69 00 76 76 76 00 74 74 74 74 74 74 74 74 74 00 00 00 00 00 00 00 71 71 71 00 71 71 71 00 71 71 71 71 74 74 00 00 72 72 72 72 72 72 72 72 72 00 00 00 00 00 00 00 69 69 69 69 67 67 67 00 69 69 69 69 72 72 72 00 72 72 72 00 69 69 69 00 72 72 72 72 79 79 79 00 76 76 76 76 76 76 76 76 76 76 76 76 76 76 76 76 76 00 00 00 76 76 76 00 74 74 74 74 72 72 72 00 
04 04 04 04 04 04 04 04 04 04 04 04 04 04 04 04 05 05 05 05 05 05 05 05 05 05 05 05 05 05 05 05 03 03 03 03 03 03 03 03 03 03 03 03 03 03 03 03 06 06 06 06 06 06 06 06 06 06 06 06 06 06 06 06 04 04 04 04 04 04 04 04 04 04 04 04 04 04 04 04 05 05 05 05 05 05 05 05 05 05 05 05 05 05 05 05 01 01 01 01 01 01 01 01 01 01 01 01 01 01 01 01 03 03 03 03 03 03 03 03 03 03 03 03 03 03 03 03 

78  (Chord: 45364513)
69 69 69 65 65 69 69 69 00 00 76 76 76 76 76 74 74 74 74 74 74 72 72 71 71 69 69 67 67 67 67 67 00 67 67 67 67 64 74 74 74 74 72 72 72 72 72 72 72 72 72 72 71 71 72 72 72 71 71 72 72 72 67 67 67 67 67 72 72 72 71 71 69 69 69 69 69 67 67 67 67 64 64 64 64 64 64 64 64 64 64 62 67 67 64 64 64 64 64 64 64 64 00 00 00 00 00 00 00 00 00 00 00 00 00 00 00 00 00 00 00 00 00 00 00 00 00 00 
04 04 04 04 04 04 04 04 04 04 04 04 04 04 04 04 05 05 05 05 05 05 05 05 05 05 05 05 05 05 05 05 03 03 03 03 03 03 03 03 03 03 03 03 03 03 03 03 06 06 06 06 06 06 06 06 06 06 06 06 06 06 06 06 04 04 04 04 04 04 04 04 04 04 04 04 04 04 04 04 05 05 05 05 05 05 05 05 05 05 05 05 05 05 05 05 01 01 01 01 01 01 01 01 01 01 01 01 01 01 01 01 03 03 03 03 03 03 03 03 03 03 03 03 03 03 03 03 

79  (Chord: 45364513)
76 76 76 76 72 72 72 72 69 69 69 00 65 65 76 76 76 76 74 74 74 74 74 00 71 71 72 72 74 74 74 00 74 74 74 74 71 71 71 71 67 67 67 00 64 64 74 74 74 74 72 72 72 72 72 72 72 72 72 72 69 69 71 71 72 72 72 72 72 72 72 72 72 72 72 72 00 00 00 00 72 72 72 72 72 72 71 71 71 71 71 71 67 67 67 67 64 64 64 64 64 64 64 64 64 64 64 64 62 62 62 62 64 64 64 64 64 64 64 64 64 00 00 00 00 00 00 00 
04 04 04 04 04 04 04 04 04 04 04 04 04 04 04 04 05 05 05 05 05 05 05 05 05 05 05 05 05 05 05 05 03 03 03 03 03 03 03 03 03 03 03 03 03 03 03 03 06 06 06 06 06 06 06 06 06 06 06 06 06 06 06 06 04 04 04 04 04 04 04 04 04 04 04 04 04 04 04 04 05 05 05 05 05 05 05 05 05 05 05 05 05 05 05 05 01 01 01 01 01 01 01 01 01 01 01 01 01 01 01 01 03 03 03 03 03 03 03 03 03 03 03 03 03 03 03 03 

80  (Chord: 45364513)
76 76 76 69 69 74 74 74 74 74 74 74 00 00 00 00 76 76 76 76 69 69 74 74 74 00 72 72 71 71 72 72 74 74 74 74 74 74 00 00 74 74 74 74 67 67 74 74 74 74 72 72 72 72 72 72 72 72 72 71 71 71 72 72 69 69 67 67 65 65 65 65 65 65 65 65 65 00 00 00 72 72 72 72 71 71 69 69 69 69 69 00 74 74 74 74 72 72 72 72 72 72 72 72 72 72 72 72 72 72 72 72 00 00 00 00 00 00 00 00 00 00 00 00 00 00 00 00 
04 04 04 04 04 04 04 04 04 04 04 04 04 04 04 04 05 05 05 05 05 05 05 05 05 05 05 05 05 05 05 05 03 03 03 03 03 03 03 03 03 03 03 03 03 03 03 03 06 06 06 06 06 06 06 06 06 06 06 06 06 06 06 06 04 04 04 04 04 04 04 04 04 04 04 04 04 04 04 04 05 05 05 05 05 05 05 05 05 05 05 05 05 05 05 05 01 01 01 01 01 01 01 01 01 01 01 01 01 01 01 01 03 03 03 03 03 03 03 03 03 03 03 03 03 03 03 03 

